20
0 10 192 231 215  17 344 370 -1
1 8 144 482 408 320 376 427 -1
2 7 368  75 488 137 185 452 -1
3 2 452  96 302 126   9 357 -1
4 9 151 253 494  80 446  59 -1
5 1 387 236   0 395 255 184 -1
6 2 42 167 258 255 201 217 -1
7 0 249 337 481 454 292 417 -1
8 5 205 119 353 237 456 492 -1
9 5 255 219 406  63 326 414 -1
10 8 340 263  63 429 365  82 -1
11 3 162 253 314 468 402 255 -1
12 0 307  49 158 431 314 235 -1
13 5 178 200 146 171 302  15 -1
14 0 219 124 114  87 494 469 -1
15 8 344 385 202  65 286   7 -1
16 0 441   0 422 307  12 422 -1
17 2 422 407 420 404 486 444 -1
18 3 407 344  23 163 118 139 -1
19 6 489 198 145  42 299   6 -1