20
7 0 249 292 337 417 454 481 -1
12 0 49 158 235 307 314 431 -1
14 0 87 114 124 219 469 494 -1
16 0 0 12 307 422 422 441 -1
5 1 0 184 236 255 387 395 -1
3 2 9 96 126 302 357 452 -1
6 2 42 167 201 217 255 258 -1
17 2 404 407 420 422 444 486 -1
18 3 23 118 139 163 344 407 -1
11 3 162 253 255 314 402 468 -1
8 5 119 205 237 353 456 492 -1
9 5 63 219 255 326 406 414 -1
13 5 15 146 171 178 200 302 -1
19 6 6 42 145 198 299 489 -1
2 7 75 137 185 368 452 488 -1
10 8 63 82 263 340 365 429 -1
15 8 7 65 202 286 344 385 -1
1 8 144 320 376 408 427 482 -1
4 9 59 80 151 253 446 494 -1
0 10 17 192 215 231 344 370 -1
